0,1,2
0.01,-4.5030619999999995e-56,-9.973295999999999e-137
0.02,-1.1585270000000001e-55,-1.041322e-123
0.03,-3.4209320000000004e-55,-7.039902e-116
0.04,-1.015261e-54,-3.809237e-110
0.05,-2.990805e-54,-1.387806e-105
0.06,-8.761860000000001e-54,-8.804062e-102
0.07,-2.555141e-53,-1.624704e-98
0.08,-7.418217e-53,-1.190451e-95
0.09,-2.144074e-52,-4.246643e-93
0.1,-6.1691970000000005e-52,-8.495422999999999e-91
0.11,-1.767115e-51,-1.055797e-88
0.12,-5.039047e-51,-8.800591e-87
0.13,-1.430472e-50,-5.218939e-85
0.14,-4.042567e-50,-2.306414e-83
0.15,-1.137318e-49,-7.883714e-82
0.16,-3.185323e-49,-2.148457e-80
0.17,-8.881192999999999e-49,-4.786334e-79
0.18,-2.465105e-48,-8.901442e-78
0.19,-6.811542e-48,-1.406681e-76
0.2,-1.873705e-47,-1.9177060000000003e-75
0.21,-5.131006e-47,-2.28499e-74
0.22,-1.398779e-46,-2.406713e-73
0.23,-3.796127e-46,-2.26314e-72
0.24,-1.025598e-45,-1.916672e-71
0.25,-2.758405e-45,-1.473368e-70
0.26,-7.385556e-45,-1.035202e-69
0.27,-1.9685769999999998e-44,-6.689838000000001e-69
0.28,-5.223547e-44,-3.999071e-68
0.29,-1.379819e-43,-2.222921e-67
0.3,-3.628456e-43,-1.1545330000000001e-66
0.31,-9.498712e-43,-5.628072e-66
0.32,-2.475428e-42,-2.585979e-65
0.33,-6.422117e-42,-1.124486e-64
0.34,-1.658626e-41,-4.645491e-64
0.35,-4.2644239999999996e-41,-1.8301859999999998e-63
0.36,-1.091476e-40,-6.901628999999999e-63
0.37,-2.781051e-40,-2.500283e-62
0.38,-7.054154e-40,-8.733457e-62
0.39,-1.781236e-39,-2.951972e-61
0.4,-4.4775310000000005e-39,-9.689992e-61
0.41,-1.1204589999999999e-38,-3.099909e-60
0.42,-2.791211e-38,-9.697732000000001e-60
0.43,-6.921960999999999e-38,-2.976415e-59
0.44,-1.708853e-37,-8.989174e-59
0.45,-4.199707e-37,-2.678644e-58
0.46,-1.027476e-36,-7.893819e-58
0.47,-2.502436e-36,-2.3050139999999998e-57
0.48,-6.067247e-36,-6.679436e-57
0.49,-1.464394e-35,-1.9230539999999998e-56
0.5,-3.518531e-35,-5.5054829999999995e-56
0.51,-8.415916999999999e-35,-1.56821e-55
0.52,-2.003909e-34,-4.446153e-55
0.53,-4.749965e-34,-1.25499e-54
0.54,-1.120827e-33,-3.527228e-54
0.55,-2.632825e-33,-9.871875000000001e-54
0.56,-6.15659e-33,-2.751424e-53
0.57,-1.433154e-32,-7.636897e-53
0.58,-3.321083e-32,-2.110973e-52
0.59,-7.661261e-32,-5.8110780000000005e-52
0.6,-1.7593570000000002e-31,-1.5930899999999998e-51
0.61,-4.021986e-31,-4.349446e-51
0.62,-9.152917000000001e-31,-1.1826e-50
0.63,-2.073531e-30,-3.202227e-50
0.64,-4.676199e-30,-8.635291999999999e-50
0.65,-1.0498000000000001e-29,-2.319063e-49
0.66,-2.346123e-29,-6.202391e-49
0.67,-5.219454e-29,-1.6520249999999997e-48
0.68,-1.1559240000000001e-28,-4.3821299999999996e-48
0.69,-2.548369e-28,-1.157618e-47
0.7,-5.592737e-28,-3.045486e-47
0.71,-1.221841e-27,-7.979201e-47
0.72,-2.6572510000000003e-27,-2.081968e-46
0.73,-5.7527790000000004e-27,-5.410037e-46
0.74,-1.239794e-26,-1.400034e-45
0.75,-2.659791e-26,-3.608184e-45
0.76,-5.680297e-26,-9.260851e-45
0.77,-1.2075910000000001e-25,-2.367147e-44
0.78,-2.5556e-25,-6.025763e-44
0.79,-5.383813e-25,-1.5276050000000001e-43
0.8,-1.129043e-24,-3.85676e-43
0.81,-2.3569669999999998e-24,-9.697208000000001e-43
0.82,-4.898001e-24,-2.428194e-42
0.83,-1.0132250000000001e-23,-6.055258e-42
0.84,-2.0864760000000003e-23,-1.503816e-41
0.85,-4.2770220000000004e-23,-3.719371e-41
0.86,-8.727484000000001e-23,-9.161301999999999e-41
0.87,-1.772783e-22,-2.247283e-40
0.88,-3.584598e-22,-5.4899850000000004e-40
0.89,-7.215109e-22,-1.335665e-39
0.9,-1.445647e-21,-3.236211e-39
0.91,-2.8833519999999998e-21,-7.808888e-39
0.92,-5.724644e-21,-1.876526e-38
0.93,-1.1313939999999999e-20,-4.4908949999999995e-38
0.94,-2.225838e-20,-1.070346e-37
0.95,-4.358993e-20,-2.540555e-37
0.96,-8.497498e-20,-6.0054549999999995e-37
0.97,-1.64895e-19,-1.413762e-36
0.98,-3.185186e-19,-3.314511e-36
0.99,-6.124517e-19,-7.738837e-36
1.0,-1.1722440000000001e-18,-1.79947e-35
1.01,-2.233429e-18,-4.16703e-35
1.02,-4.235781e-18,-9.609951e-35
1.03,-7.996524e-18,-2.207133e-34
1.04,-1.502707e-17,-5.0483379999999995e-34
1.05,-2.8109410000000004e-17,-1.149955e-33
1.06,-5.2339880000000007e-17,-2.60871e-33
1.07,-9.700989e-17,-5.8936330000000004e-33
1.08,-1.789784e-16,-1.326028e-32
1.09,-3.286895e-16,-2.971216e-32
1.1,-6.008556e-16,-6.630219e-32
1.11,-1.093333e-15,-1.4734430000000001e-31
1.12,-1.980305e-15,-3.260998e-31
1.13,-3.570324e-15,-7.1875250000000005e-31
1.14,-6.407339e-15,-1.5776819999999999e-30
1.15,-1.144567e-14,-3.448824e-30
1.16,-2.035154e-14,-7.50816e-30
1.17,-3.602005e-14,-1.627822e-29
1.18,-6.34572e-14,-3.514721e-29
1.19,-1.112771e-13,-7.557625e-29
1.2,-1.942308e-13,-1.618415e-28
1.21,-3.374548e-13,-3.4514740000000003e-28
1.22,-5.835761e-13,-7.330422000000001e-28
1.23,-1.004528e-12,-1.550468e-27
1.24,-1.721107e-12,-3.265922e-27
1.25,-2.93517e-12,-6.851061000000001e-27
1.26,-4.982379e-12,-1.4312589999999998e-26
1.27,-8.41815e-12,-2.977743e-26
1.28,-1.4157e-11,-6.169701e-26
1.29,-2.369731e-11,-1.2730590000000001e-25
1.3,-3.94819e-11,-2.616016e-25
1.31,-6.547363e-11,-5.353516000000001e-25
1.32,-1.080693e-10,-1.091049e-24
1.33,-1.775432e-10,-2.214399e-24
1.34,-2.903148e-10,-4.4758249999999996e-24
1.35,-4.724937e-10,-9.009395e-24
1.36,-7.653893e-10,-1.8060220000000002e-23
1.37,-1.234031e-09,-3.605413e-23
1.38,-1.980272e-09,-7.167884000000001e-23
1.39,-3.162835e-09,-1.4191570000000002e-22
1.4,-5.027807e-09,-2.798161e-22
1.41,-7.95479e-09,-5.494367e-22
1.42,-1.252634e-08,-1.074396e-21
1.43,-1.963192e-08,-2.092246e-21
1.44,-3.062255e-08,-4.057531e-21
1.45,-4.75398e-08,-7.836302e-21
1.46,-7.345273e-08,-1.507163e-20
1.47,-1.12951e-07,-2.886743e-20
1.48,-1.728625e-07,-5.506231e-20
1.49,-2.632914e-07,-1.0459199999999999e-19
1.5,-3.991119e-07,-1.9785149999999999e-19
1.51,-6.021038e-07,-3.727148e-19
1.52,-9.039889e-07,-6.992130999999999e-19
1.53,-1.350723e-06,-1.306283e-18
1.54,-2.008525e-06,-2.430294e-18
1.55,-2.972294e-06,-4.502708e-18
1.56,-4.377298e-06,-8.307706e-18
1.57,-6.415282e-06,-1.526441e-17
1.58,-9.356563e-06,-2.792991e-17
1.59,-1.358011e-05,-5.089194e-17
1.6,-1.961426e-05,-9.234581e-17
1.61,-2.819144e-05,-1.668681e-16
1.62,-4.032125e-05,-3.002731e-16
1.63,-5.738743e-05,-5.380782e-16
1.64,-8.127556e-05,-9.601948e-16
1.65,-0.0001145401,-1.706307e-15
1.66,-0.0001606215,-3.019517e-15
1.67,-0.0002241257,-5.321077e-15
1.68,-0.0003111823,-9.337746e-15
1.69,-0.0004298989,-1.631788e-14
1.7,-0.0005909332,-2.839642e-14
1.71,-0.0008082086,-4.92085e-14
1.72,-0.001099799,-8.49165e-14
1.73,-0.001489017,-1.459211e-13
1.74,-0.002005732,-2.496991e-13
1.75,-0.002687968,-4.25488e-13
1.76,-0.003583794,-7.219837e-13
1.77,-0.004753562,-1.219933e-12
1.78,-0.006272508,-2.052633e-12
1.79,-0.008233746,-3.439156e-12
1.8,-0.01075165,-5.737942e-12
1.81,-0.01396566,-9.532844e-12
1.82,-0.01804438,-1.577063e-11
1.83,-0.02319003,-2.59797e-11
1.84,-0.02964313,-4.261631e-11
1.85,-0.0376871,-6.961013e-11
1.86,-0.04765287,-1.132197e-10
1.87,-0.05992299,-1.833675e-10
1.88,-0.07493505,-2.957138e-10
1.89,-0.09318391,-4.748622e-10
1.9,-0.1152224,-7.59291e-10
1.91,-0.1416597,-1.208902e-09
1.92,-0.1731573,-1.916525e-09
1.93,-0.2104212,-3.025347e-09
1.94,-0.2541899,-4.755229e-09
1.95,-0.3052182,-7.442184e-09
1.96,-0.364255,-1.159737e-08
1.97,-0.4320152,-1.799477e-08
1.98,-0.5091455,-2.780084e-08
1.99,-0.5961833,-4.27653e-08
2.0,-0.6935094,-6.550043e-08
2.01,-0.801294,-9.988789e-08
2.02,-0.9194383,-1.516682e-07
2.03,-1.047511,-2.292905e-07
2.04,-1.184684,-3.451309e-07
2.05,-1.329668,-5.172313e-07
2.06,-1.480649,-7.717653e-07
2.07,-1.635235,-1.14652e-06
2.08,-1.79041,-1.695781e-06
2.09,-1.942507,-2.49716e-06
2.1,-2.087193,-3.661062e-06
2.11,-2.219488,-5.343769e-06
2.12,-2.333798,-7.765403e-06
2.13,-2.423997,-1.123444e-05
2.14,-2.483526,-1.6181e-05
2.15,-2.50554,-2.320176e-05
2.16,-2.483088,-3.312022e-05
2.17,-2.409329,-4.706706e-05
2.18,-2.277778,-6.658663e-05
2.19,-2.082579,-9.377725e-05
2.2,-1.818802,-0.0001314748
2.21,-1.482744,-0.0001834917
2.22,-1.07223,-0.0002549251
2.23,-0.5869013,-0.0003525532
2.24,-0.02846979,-0.0004853394
2.25,0.5990657,-0.0006650715
2.26,1.289267,-0.0009071633
2.27,2.033175,-0.001231655
2.28,2.81931,-0.001664452
2.29,3.633776,-0.002238842
2.3,4.460451,-0.002997345
2.31,5.281296,-0.00399394
2.32,6.076751,-0.005296736
2.33,6.826237,-0.006991118
2.34,7.50873,-0.009183447
2.35,8.103405,-0.01200533
2.36,8.59032,-0.01561852
2.37,8.95112,-0.02022043
2.38,9.169733,-0.02605026
2.39,9.233022,-0.03339571
2.4,9.131374,-0.04260018
2.41,8.859191,-0.05407024
2.42,8.415259,-0.06828327
2.43,7.802978,-0.08579489
2.44,7.030432,-0.1072458
2.45,6.110292,-0.1333677
2.46,5.059554,-0.1649871
2.47,3.899111,-0.2030277
2.48,2.653179,-0.2485081
2.49,1.348593,-0.3025372
2.5,0.01399876,-0.3663029
2.51,-1.321029,-0.4410553
2.52,-2.626897,-0.5280829
2.53,-3.874917,-0.62868
2.54,-5.038181,-0.7441047
2.55,-6.092376,-0.8755278
2.56,-7.016492,-1.02397
2.57,-7.793398,-1.190228
2.58,-8.41028,-1.374793
2.59,-8.858906,-1.577757
2.6,-9.135729,-1.798711
2.61,-9.241823,-2.036641
2.62,-9.182655,-2.289816
2.63,-8.967727,-2.555685
2.64,-8.610081,-2.830772
2.65,-8.12572,-3.110592
2.66,-7.53295,-3.38958
2.67,-6.851688,-3.661047
2.68,-6.102761,-3.917169
2.69,-5.307214,-4.149017
2.7,-4.485667,-4.346635
2.71,-3.657738,-4.499163
2.72,-2.841539,-4.595032
2.73,-2.053271,-4.622203
2.74,-1.306922,-4.568482
2.75,-0.6140594,-4.421879
2.76,0.01626691,-4.171038
2.77,0.5775324,-3.805693
2.78,1.065658,-3.317173
2.79,1.47886,-2.698919
2.8,1.817433,-1.946995
2.81,2.083499,-1.060589
2.82,2.28072,-0.04245272
2.83,2.413993,1.100711
2.84,2.489147,2.357971
2.85,2.512653,3.713997
2.86,2.49134,5.149041
2.87,2.432152,6.63906
2.88,2.341927,8.156022
2.89,2.227215,9.668377
2.9,2.094133,11.14171
2.91,1.948251,12.53956
2.92,1.794525,13.82437
2.93,1.637242,14.95859
2.94,1.480012,15.90582
2.95,1.325772,16.63208
2.96,1.176814,17.107
2.97,1.034823,17.305
2.98,0.9009343,17.2064
2.99,0.7757869,16.79835
3.0,0.6595879,16.07557
3.01,0.552174,15.04089
3.02,0.4530726,13.7055
3.03,0.3615589,12.08892
3.04,0.2767087,10.21869
3.05,0.1974468,8.129751
3.06,0.12259,5.86357
3.07,0.05088551,3.466994
3.08,-0.01895449,0.9909136
3.09,-0.08822178,-1.511248
3.1,-0.1581831,-3.985142
3.11,-0.2300523,-6.377139
3.12,-0.3049631,-8.635962
3.13,-0.3839402,-10.71422
3.14,-0.46787,-12.56982
3.15,-0.5574683,-14.16712
3.16,-0.6532458,-15.47794
3.17,-0.7554716,-16.48221
3.18,-0.8641336,-17.16833
3.19,-0.9788987,-17.5333
3.2,-1.099072,-17.58246
3.21,-1.223557,-17.32904
3.22,-1.35082,-16.79338
3.23,-1.478862,-16.00198
3.24,-1.60519,-14.98643
3.25,-1.726813,-13.78214
3.26,-1.84024,-12.42707
3.27,-1.9415,-10.96044
3.28,-2.026181,-9.421496
3.29,-2.08949,-7.848336
3.3,-2.126338,-6.276878
3.31,-2.13145,-4.739979
3.32,-2.099496,-3.266737
3.33,-2.025253,-1.88197
3.34,-1.903783,-0.6058919
3.35,-1.730632,0.5460313
3.36,-1.502046,1.563049
3.37,-1.215185,2.438941
3.38,-0.8683501,3.171702
3.39,-0.46119,3.763122
3.4,0.005103757,4.218289
3.41,0.5276325,4.545035
3.42,1.101664,4.753375
3.43,1.720557,4.854926
3.44,2.375736,4.862366
3.45,3.056742,4.788918
3.46,3.751345,4.6479
3.47,4.445735,4.452323
3.48,5.124785,4.214566
3.49,5.772388,3.946122
3.5,6.371858,3.657405
3.51,6.906385,3.357628
3.52,7.359537,3.054739
3.53,7.715784,2.755404
3.54,7.961034,2.465044
3.55,8.083159,2.187894
3.56,8.072479,1.927101
3.57,7.922205,1.684831
3.58,7.6288,1.462393
3.59,7.192246,1.260365
3.6,6.616215,1.078719
3.61,5.908102,0.9169425
3.62,5.078953,0.7741508
3.63,4.143249,0.649188
3.64,3.118576,0.5407162
3.65,2.025173,0.4472919
3.66,0.8853837,0.3674294
3.67,-0.2769764,0.2996519
3.68,-1.437311,0.242531
3.69,-2.570969,0.1947165
3.7,-3.653977,0.1549559
3.71,-4.663749,0.1221076
3.72,-5.579749,0.095147
3.73,-6.384079,0.0731673
3.74,-7.061973,0.05537693
3.75,-7.602177,0.04109366
3.76,-7.997203,0.02973673
3.77,-8.243452,0.02081767
3.78,-8.341199,0.01393034
3.79,-8.294453,0.00874071
3.8,-8.110695,0.004976682
3.81,-7.800509,0.002418263
3.82,-7.377122,0.0008882306
3.83,-6.855887,0.0002434305
3.84,-6.253713,0.0003667883
3.85,-5.58848,0.001160083
3.86,-4.878453,0.002537519
3.87,-4.141725,0.004420125
3.88,-3.395703,0.006731001
3.89,-2.656652,0.009391431
3.9,-1.939316,0.0123179
3.91,-1.256612,0.01542003
3.92,-0.6194244,0.01859942
3.93,-0.03646869,0.02174952
3.94,0.4857471,0.02475632
3.95,0.9428917,0.02750009
3.96,1.332708,0.02985789
3.97,1.654856,0.03170691
3.98,1.910705,0.03292848
3.99,2.103096,0.03341263
4.0,2.236086,0.03306288
4.01,2.314676,0.03180131
4.02,2.344551,0.02957336
4.03,2.331824,0.02635235
4.04,2.282804,0.02214328
4.05,2.203786,0.01698578
4.06,2.100878,0.01095586
4.07,1.979848,0.004166364
4.08,1.846015,-0.003234141
4.09,1.704168,-0.01106403
4.1,1.55851,-0.01911294
4.11,1.412641,-0.0271476
4.12,1.269549,-0.03491913
4.13,1.131636,-0.04217146
4.14,1.00075,-0.04865073
4.15,0.8782307,-0.05411503
4.16,0.7649679,-0.05834443
4.17,0.6614573,-0.06115045
4.18,0.5678627,-0.06238484
4.19,0.484076,-0.06194699
4.2,0.409774,-0.05978972
4.21,0.344471,-0.05592302
4.22,0.287566,-0.05041552
4.23,0.238384,-0.04339357
4.24,0.1962109,-0.03503783
4.25,0.1603221,-0.02557754
4.26,0.1300055,-0.01528263
4.27,0.1045789,-0.004453998
4.28,0.08340278,0.006587626
4.29,0.0658884,0.01751368
4.3,0.05150289,0.02800016
4.31,0.03977109,0.03773985
4.32,0.03027521,0.04645366
4.33,0.02265276,0.05390085
4.34,0.01659309,0.05988739
4.35,0.01183322,0.06427228
4.36,0.00815303,0.06697156
4.37,0.005370221,0.06795976
4.38,0.003335283,0.06726899
4.39,0.001926524,0.06498561
4.4,0.001045357,0.06124477
4.41,0.0006118849,0.0562232
4.42,0.000560857,0.05013063
4.43,0.0008380123,0.0432002
4.44,0.001396837,0.03567854
4.45,0.002195741,0.02781577
4.46,0.003195667,0.01985607
4.47,0.004358121,0.01202907
4.48,0.005643644,0.004542489
4.49,0.007010708,-0.002423826
4.5,0.008415048,-0.008722171
4.51,0.009809426,-0.01423964
4.52,0.01114381,-0.01889911
4.53,0.01236597,-0.02265863
4.54,0.01342241,-0.02550951
4.55,0.01425975,-0.02747316
4.56,0.01482627,-0.02859707
4.57,0.01507378,-0.02895018
4.58,0.01495963,-0.02861785
4.59,0.01444878,-0.02769677
4.6,0.01351586,-0.02629005
4.61,0.01214707,-0.0245026
4.62,0.01034187,-0.02243713
4.63,0.008114324,-0.02019064
4.64,0.005493958,-0.01785178
4.65,0.002526106,-0.01549877
4.66,-0.0007283584,-0.01319819
4.67,-0.004193951,-0.01100432
4.68,-0.007782185,-0.008959139
4.69,-0.01139384,-0.007092781
4.7,-0.01492184,-0.005424451
4.71,-0.01825472,-0.00396359
4.72,-0.0212804,-0.00271125
4.73,-0.02389042,-0.001661575
4.74,-0.0259841,-0.0008032876
4.75,-0.02747278,-0.0001211259
4.76,-0.02828368,0.0004028267
4.77,-0.02836345,0.0007879621
4.78,-0.02768095,0.001054139
4.79,-0.0262293,0.001220861
4.8,-0.02402706,0.001306632
4.81,-0.02111835,0.001328497
4.82,-0.01757192,0.001301731
4.83,-0.01347927,0.001239675
4.84,-0.008951651,0.001153685
4.85,-0.004116375,0.001053173
4.86,0.0008877559,0.0009457173
4.87,0.005915443,0.0008372239
4.88,0.01082023,0.0007321142
4.89,0.01545991,0.0006335273
4.9,0.01970173,0.0005435238
4.91,0.02342727,0.0004632801
4.92,0.02653656,0.0003932684
4.93,0.02895156,0.000333416
4.94,0.03061857,0.0002832433
4.95,0.03150966,0.0002419804
4.96,0.03162298,0.0002086619
4.97,0.03098203,0.0001822036
4.98,0.02963393,0.0001614618
4.99,0.02764674,0.00014528
5.0,0.0251061,0.000132524
5.01,0.02211125,0.0001221091
5.02,0.01877074,0.0001130215
5.03,0.01519793,0.0001043362
5.04,0.01150661,9.523148e-05
5.05,0.007806781,8.500336e-05
5.06,0.00420098,7.307817e-05
5.07,0.0007810371,5.902491e-05
5.08,-0.002374418,4.25664e-05
5.09,-0.005201758,2.358877e-05
5.1,-0.007653396,2.148488e-06
5.11,-0.009698095,-2.152413e-05
5.12,-0.01132058,-4.702596e-05
5.13,-0.01252054,-7.378763e-05
5.14,-0.01331115,-0.0001010864
5.15,-0.01371713,-0.0001280661
5.16,-0.01377262,-0.000153764
5.17,-0.0135189,-0.0001771449
5.18,-0.01300196,-0.0001971419
5.19,-0.01227037,-0.0002127015
5.2,-0.01137314,-0.000222834
5.21,-0.01035788,-0.0002266645
5.22,-0.009269298,-0.000223484
5.23,-0.008147983,-0.0002127972
5.24,-0.007029511,-0.000194365
5.25,-0.005943911,-0.0001682381
5.26,-0.004915419,-0.0001347796
5.27,-0.00396251,-9.46754e-05
5.28,-0.003098153,-4.89287e-05
5.29,-0.002330256,1.159902e-06
5.3,-0.001662233,5.402887e-05
5.31,-0.00109367,0.0001079069
5.32,-0.0006210165,0.0001608778
5.33,-0.0002382986,0.0002109562
5.34,6.221364e-05,0.0002561712
5.35,0.0002893833,0.0002946542
5.36,0.0004526591,0.0003247261
5.37,0.00056161,0.0003449799
5.38,0.0006255484,0.0003543537
5.39,0.0006532396,0.0003521905
5.4,0.0006526956,0.0003382801
5.41,0.0006310424,0.000312882
5.42,0.0005944531,0.0002767253
5.43,0.000548135,0.000230987
5.44,0.0004963588,0.0001772474
5.45,0.0004425201,0.0001174264
5.46,0.0003892217,5.370176e-05
5.47,0.0003383693,-1.158578e-05
5.48,0.0002912712,-7.603521e-05
5.49,0.0002487389,-0.0001372917
5.5,0.000211181,-0.0001931506
5.51,0.00017869,-0.000241653
5.52,0.0001511184,-0.0002811698
5.53,0.0001281444,-0.0003104674
5.54,0.0001093263,-0.0003287545
5.55,9.414754e-05,-0.0003357055
5.56,8.205134e-05,-0.0003314617
5.57,7.246864e-05,-0.0003166098
5.58,6.483875e-05,-0.0002921394
5.59,5.862504e-05,-0.0002593827
5.6,5.332677e-05,-0.0002199404
5.61,4.848804e-05,-0.000175598
5.62,4.370481e-05,-0.0001282368
5.63,3.863063e-05,-7.974536e-05
5.64,3.298156e-05,-3.193576e-05
5.65,2.654049e-05,1.353168e-05
5.66,1.916084e-05,5.521128e-05
5.67,1.076957e-05,9.19202e-05
5.68,1.369249e-06,0.0001227704
5.69,-8.961251e-06,0.000147184
5.7,-2.006771e-05,0.0001648922
5.71,-3.17236e-05,0.0001759194
5.72,-4.36356e-05,0.0001805547
5.73,-5.545173e-05,0.000179313
5.74,-6.677233e-05,0.000172889
5.75,-7.716388e-05,0.0001621075
5.76,-8.617535e-05,0.0001478722
5.77,-9.335686e-05,0.0001311164
5.78,-9.828003e-05,0.0001127583
5.79,-0.0001005592,9.366158e-05
5.8,-9.987285e-05,7.460455e-05
5.81,-9.598392e-05,5.625629e-05
5.82,-8.875824e-05,3.916201e-05
5.83,-7.817984e-05,2.373611e-05
5.84,-6.436207e-05,1.026278e-05
5.85,-4.755372e-05,-1.097251e-06
5.86,-2.813933e-05,-1.029475e-05
5.87,-6.63315e-06,-1.737649e-05
5.88,1.633332e-05,-2.246739e-05
5.89,4.003025e-05,-2.575177e-05
5.9,6.365429e-05,-2.745468e-05
5.91,8.635843e-05,-2.782451e-05
5.92,0.0001072858,-2.711741e-05
5.93,0.0001256061,-2.558417e-05
5.94,0.0001405522,-2.345979e-05
5.95,0.0001514567,-2.095576e-05
5.96,0.0001577848,-1.825508e-05
5.97,0.0001591627,-1.550966e-05
5.98,0.0001553997,-1.283984e-05
5.99,0.0001465022,-1.033558e-05
6.0,0.0001326799,-8.059007e-06
6.01,0.0001143413,-6.047756e-06
6.02,9.208077e-05,-4.318891e-06
6.03,6.665644e-05,-2.872964e-06
6.04,3.895962e-05,-1.698e-06
6.05,9.977826e-06,-7.731936e-07
6.06,-1.92472e-05,-7.216455e-08
6.07,-4.766437e-05,4.342958e-07
6.08,-7.425876e-05,7.760317e-07
6.09,-9.809536e-05,9.818714e-07
6.1,-0.000118359,1.07848e-06
6.11,-0.000134388,1.089655e-06
6.12,-0.0001457012,1.036001e-06
6.13,-0.0001520142,9.348866e-07
6.14,-0.0001532484,8.006373e-07
6.15,-0.0001495279,6.448609e-07
6.16,-0.0001411685,4.768669e-07
6.17,-0.0001286569,3.041144e-07
6.18,-0.0001126234,1.326503e-07
6.19,-9.380827e-05,-3.249579e-08
6.2,-7.302436e-05,-1.869808e-07
6.21,-5.111829e-05,-3.268974e-07
6.22,-2.893177e-05,-4.486074e-07
6.23,-7.265251e-06,-5.486606e-07
6.24,1.315432e-05,-6.237937e-07
6.25,3.170029e-05,-6.709989e-07
6.26,4.786653e-05,-6.876502e-07
6.27,6.128054e-05,-6.716724e-07
6.28,7.170923e-05,-6.217342e-07
6.29,7.905754e-05,-5.374495e-07
6.3,8.336068e-05,-4.195657e-07
6.31,8.477073e-05,-2.701233e-07
6.32,8.353888e-05,-9.256755e-08
6.33,7.999461e-05,1.082007e-07
6.34,7.452318e-05,3.258494e-07
6.35,6.754266e-05,5.527218e-07
6.36,5.948196e-05,7.8003e-07
6.37,5.076065e-05,9.981349e-07
6.38,4.17716e-05,1.196905e-06
6.39,3.286704e-05,1.366146e-06
6.4,2.434815e-05,1.496076e-06
6.41,1.645863e-05,1.577836e-06
6.42,9.38177e-06,1.603997e-06
6.43,3.240923e-06,1.569047e-06
6.44,-1.897179e-06,1.469816e-06
6.45,-6.016838e-06,1.305823e-06
6.46,-9.146134e-06,1.079505e-06
6.47,-1.134864e-05,7.963087e-07
6.48,-1.271469e-05,4.646437e-07
6.49,-1.335278e-05,9.566093e-08
6.5,-1.338148e-05,-2.971185e-07
6.51,-1.292225e-05,-6.983277e-07
6.52,-1.209336e-05,-1.091407e-06
6.53,-1.100508e-05,-1.459359e-06
6.54,-9.756199e-06,-1.785566e-06
6.55,-8.431704e-06,-2.054632e-06
6.56,-7.101675e-06,-2.253196e-06
6.57,-5.821121e-06,-2.370674e-06
6.58,-4.630627e-06,-2.399887e-06
6.59,-3.557603e-06,-2.337525e-06
6.6,-2.617934e-06,-2.184421e-06
6.61,-1.817869e-06,-1.945618e-06
6.62,-1.155987e-06,-1.630202e-06
6.63,-6.251072e-07,-1.250925e-06
6.64,-2.140563e-07,-8.236184e-07
6.65,9.078138e-08,-3.664348e-07
6.66,3.041641e-07,1.010436e-07
6.67,4.409628e-07,5.587821e-07
6.68,5.153932e-07,9.872974e-07
6.69,5.404919e-07,1.368633e-06
6.7,5.278053e-07,1.687251e-06
6.71,4.872556e-07,1.930783e-06
6.72,4.27146e-07,2.090607e-06
6.73,3.54267e-07,2.16221e-06
6.74,2.74069e-07,2.145323e-06
6.75,1.908715e-07,2.04382e-06
6.76,1.080824e-07,1.865402e-06
6.77,2.840884e-08,1.621073e-06
6.78,-4.595599e-08,1.324457e-06
6.79,-1.131792e-07,9.910014e-07
6.8,-1.716735e-07,6.371045e-07
6.81,-2.200224e-07,2.792383e-07
6.82,-2.56945e-07,-6.689652e-08
6.83,-2.812962e-07,-3.871266e-07
6.84,-2.920962e-07,-6.694368e-07
6.85,-2.88584e-07,-9.044442e-07
6.86,-2.702863e-07,-1.085698e-06
6.87,-2.370933e-07,-1.209795e-06
6.88,-1.893343e-07,-1.276322e-06
6.89,-1.278447e-07,-1.287636e-06
6.9,-5.401601e-08,-1.248502e-06
6.91,3.017604e-08,-1.16564e-06
6.92,1.221727e-07,-1.04719e-06
6.93,2.188654e-07,-9.021552e-07
6.94,3.166633e-07,-7.398449e-07
6.95,4.115967e-07,-5.693594e-07
6.96,4.994533e-07,-3.991375e-07
6.97,5.759435e-07,-2.365916e-07
6.98,6.368893e-07,-8.78401e-08
6.99,6.784282e-07,4.245536e-08
7.0,6.972218e-07,1.511506e-07
7.01,6.906589e-07,2.365862e-07
7.02,6.570406e-07,2.984743e-07
7.03,5.957361e-07,3.377226e-07
7.04,5.072961e-07,3.562134e-07
7.05,3.935175e-07,3.565582e-07
7.06,2.574471e-07,3.418467e-07
7.07,1.033235e-07,3.154047e-07
7.08,-6.354756e-08,2.805766e-07
7.09,-2.369803e-07,2.405411e-07
7.1,-4.101538e-07,1.981664e-07
7.11,-5.759047e-07,1.55908e-07
7.12,-7.270537e-07,1.157483e-07
7.13,-8.567517e-07,7.917525e-08
7.14,-9.588258e-07,4.719303e-08
7.15,-1.028106e-06,2.036074e-08
7.16,-1.060718e-06,-1.150371e-09
7.17,-1.054313e-06,-1.748729e-08
7.18,-1.008235e-06,-2.904032e-08
7.19,-9.236024e-07,-3.636862e-08
7.2,-8.032957e-07,-4.013095e-08
7.21,-6.518596e-07,-4.102503e-08
7.22,-4.753112e-07,-3.973766e-08
7.23,-2.808683e-07,-3.690651e-08
7.24,-7.661127e-08,-3.309362e-08
7.25,1.28906e-07,-2.876975e-08
7.26,3.270728e-07,-2.430812e-08
7.27,5.096443e-07,-1.998591e-08
7.28,6.691456e-07,-1.59915e-08
7.29,7.992349e-07,-1.243578e-08
7.3,8.950047e-07,-9.365647e-09
7.31,9.532051e-07,-6.77843e-09
7.32,9.723759e-07,-4.636004e-09
7.33,9.528825e-07,-2.877768e-09
7.34,8.968527e-07,-1.431944e-09
7.35,8.08023e-07,-2.24888e-10
7.36,6.915014e-07,8.116808e-10
7.37,5.534651e-07,1.735477e-09
7.38,4.008111e-07,2.59031e-09
7.39,2.407812e-07,3.40439e-09
7.4,8.058418e-08,4.190021e-09
7.41,-7.296341e-08,4.944434e-09
7.42,-2.137578e-07,5.651534e-09
7.43,-3.366729e-07,6.284334e-09
7.44,-4.377582e-07,6.807895e-09
7.45,-5.143601e-07,7.182615e-09
7.46,-5.651659e-07,7.367696e-09
7.47,-5.901714e-07,7.32467e-09
7.48,-5.905802e-07,7.02082e-09
7.49,-5.686437e-07,6.432369e-09
7.5,-5.274574e-07,5.547294e-09
7.51,-4.707276e-07,4.36761e-09
7.52,-4.025244e-07,2.910996e-09
7.53,-3.270384e-07,1.211633e-09
7.54,-2.483524e-07,-6.798533e-10
7.55,-1.702432e-07,-2.6974e-09
7.56,-9.602009e-08,-4.761517e-09
7.57,-2.840657e-08,-6.782253e-09
7.58,3.053145e-08,-8.663046e-09
7.59,7.941281e-08,-1.030532e-08
7.6,1.175264e-07,-1.161363e-08
7.61,1.447806e-07,-1.250105e-08
7.62,1.616243e-07,-1.289464e-08
7.63,1.689473e-07,-1.274048e-08
7.64,1.679702e-07,-1.200812e-08
7.65,1.601297e-07,-1.069399e-08
7.66,1.469691e-07,-8.82357e-09
7.67,1.300389e-07,-6.45204e-09
7.68,1.108117e-07,-3.663278e-09
7.69,9.061572e-08,-5.671487e-10
7.7,7.058744e-08,2.704875e-09
7.71,5.164296e-08,6.005605e-09
7.72,3.446763e-08,9.179282e-09
7.73,1.95209e-08,1.206959e-08
7.74,7.053819e-09,1.452815e-08
7.75,-2.864411e-09,1.64229e-08
7.76,-1.031392e-08,1.764601e-08
7.77,-1.5489e-08,1.812059e-08
7.78,-1.866304e-08,1.780601e-08
7.79,-2.015567e-08,1.670114e-08
7.8,-2.030404e-08,1.484552e-08
7.81,-1.943894e-08,1.231813e-08
7.82,-1.786668e-08,9.233795e-09
7.83,-1.585637e-08,5.73749e-09
7.84,-1.36325e-08,1.996707e-09
7.85,-1.137208e-08,-1.807585e-09
7.86,-9.205461e-09,-5.490888e-09
7.87,-7.220014e-09,-8.87541e-09
7.88,-5.465767e-09,-1.179995e-08
7.89,-3.962112e-09,-1.412881e-08
7.9,-2.704924e-09,-1.575919e-08
7.91,-1.673503e-09,-1.662656e-08
7.92,-8.369285e-10,-1.670775e-08
7.93,-1.595309e-10,-1.602148e-08
7.94,3.946489e-10,-1.462641e-08
7.95,8.584715e-10,-1.261685e-08
7.96,1.259341e-09,-1.011637e-08
7.97,1.617784e-09,-7.269931e-09
7.98,1.946848e-09,-4.234825e-09
7.99,2.252174e-09,-1.171299e-09
8.0,2.532597e-09,1.766718e-09
8.01,2.781168e-09,4.440105e-09
8.02,2.986445e-09,6.731755e-09
8.03,3.133974e-09,8.552103e-09
8.04,3.207873e-09,9.842681e-09
8.05,3.192419e-09,1.057757e-08
8.06,3.073604e-09,1.076275e-08
8.07,2.840563e-09,1.043361e-08
8.08,2.486849e-09,9.650662e-09
8.09,2.011477e-09,8.494155e-09
8.1,1.419701e-09,7.057773e-09
8.11,7.234651e-10,5.442021e-09
8.12,-5.849836e-11,3.747717e-09
8.13,-9.009536e-10,2.070027e-09
8.14,-1.772847e-09,4.933877e-10
8.15,-2.638384e-09,-9.124261e-10
8.16,-3.458471e-09,-2.094923e-09
8.17,-4.192474e-09,-3.020159e-09
8.18,-4.800229e-09,-3.672688e-09
8.19,-5.244204e-09,-4.054339e-09
8.2,-5.491704e-09,-4.18203e-09
8.21,-5.517004e-09,-4.084864e-09
8.22,-5.303265e-09,-3.800794e-09
8.23,-4.844119e-09,-3.373132e-09
8.24,-4.144791e-09,-2.847158e-09
8.25,-3.22266e-09,-2.267058e-09
8.26,-2.107186e-09,-1.673349e-09
8.27,-8.391538e-10,-1.100912e-09
8.28,5.30767e-10,-5.776838e-10
8.29,1.944108e-09,-1.239997e-10
8.3,3.337254e-09,2.474471e-10
8.31,4.644535e-09,5.311362e-10
8.32,5.801603e-09,7.278416e-10
8.33,6.748916e-09,8.434751e-10
8.34,7.43511e-09,8.877796e-10
8.35,7.820062e-09,8.729901e-10
8.36,7.877457e-09,8.125642e-10
8.37,7.596651e-09,7.200632e-10
8.38,6.983731e-09,6.082357e-10
8.39,6.06164e-09,4.883356e-10
8.4,4.869354e-09,3.696781e-10
8.41,3.460115e-09,2.594219e-10
8.42,1.898813e-09,1.625485e-10
8.43,2.586408e-10,8.19993e-11
8.44,-1.382771e-09,1.892929e-11
8.45,-2.947538e-09,-2.696809e-11
8.46,-4.361749e-09,-5.71037e-11
8.47,-5.559499e-09,-7.363773e-11
8.48,-6.486462e-09,-7.91531e-11
8.49,-7.102801e-09,-7.637557e-11
8.5,-7.385211e-09,-6.795048e-11
8.51,-7.327996e-09,-5.627943e-11
8.52,-6.943101e-09,-4.341417e-11
8.53,-6.259111e-09,-3.100099e-11
8.54,-5.319289e-09,-2.026649e-11
8.55,-4.1788e-09,-1.203448e-11
8.56,-2.901288e-09,-6.763881e-12
8.57,-1.555059e-09,-4.598844e-12
8.58,-2.090966e-10,-5.42379e-12
8.59,1.070817e-09,-8.917998e-12
8.6,2.225652e-09,-1.460643e-11
8.61,3.206118e-09,-2.190511e-11
8.62,3.974949e-09,-3.016071e-11
8.63,4.508349e-09,-3.868506e-11
8.64,4.796548e-09,-4.678566e-11
8.65,4.843491e-09,-5.379356e-11
8.66,4.665714e-09,-5.908964e-11
8.67,4.290522e-09,-6.213e-11
8.68,3.753641e-09,-6.247056e-11
8.69,3.096517e-09,-5.97905e-11
8.7,2.363469e-09,-5.391343e-11
8.71,1.598881e-09,-4.4825e-11
8.72,8.446284e-10,-3.268525e-11
8.73,1.378645e-10,-1.783405e-11
8.74,-4.9069e-10,-7.881334e-13
8.75,-1.017907e-09,1.777159e-11
8.76,-1.428824e-09,3.702289e-11
8.77,-1.716648e-09,5.603532e-11
8.78,-1.882242e-09,7.381275e-11
8.79,-1.933195e-09,8.934384e-11
8.8,-1.882556e-09,1.01658e-10
8.81,-1.747379e-09,1.098839e-10
8.82,-1.54718e-09,1.133074e-10
8.83,-1.302432e-09,1.114245e-10
8.84,-1.033187e-09,1.039859e-10
8.85,-7.579111e-10,9.103011e-11
8.86,-4.925759e-10,7.290062e-11
8.87,-2.500445e-10,5.024646e-11
8.88,-3.974722e-11,2.400366e-11
8.89,1.32367e-10,-4.641956e-12
8.9,2.63642e-10,-3.430966e-11
8.91,3.543359e-10,-6.349408e-11
8.92,4.071085e-10,-9.064699e-11
8.93,4.264313e-10,-1.142663e-10
8.94,4.179755e-10,-1.329863e-10
8.95,3.880241e-10,-1.456644e-10
8.96,3.429467e-10,-1.51457e-10
8.97,2.887643e-10,-1.498804e-10
8.98,2.30819e-10,-1.408512e-10
8.99,1.735539e-10,-1.247036e-10
9.0,1.203992e-10,-1.021799e-10
9.01,7.375167e-11,-7.439652e-11
9.02,3.503192e-11,-4.278451e-11
9.03,4.79892e-12,-9.009069e-12
9.04,-1.709821e-11,2.512707e-11
9.05,-3.135022e-11,5.779083e-11
9.06,-3.901629e-11,8.722916e-11
9.07,-4.136447e-11,1.118755e-10
9.08,-3.973329e-11,1.30445e-10
9.09,-3.542035e-11,1.420122e-10
9.1,-2.959994e-11,1.460653e-10
9.11,-2.326914e-11,1.425342e-10
9.12,-1.721932e-11,1.317892e-10
9.13,-1.202908e-11,1.146123e-10
9.14,-8.073367e-12,9.214079e-11
9.15,-5.543958e-12,6.578985e-11
9.16,-4.476695e-12,3.715788e-11
9.17,-4.781538e-12,7.922197e-12
9.18,-6.27259e-12,-2.026784e-11
9.19,-8.696069e-12,-4.589269e-11
9.2,-1.175513e-11,-6.76527e-11
9.21,-1.513115e-11,-8.454042e-11
9.22,-1.850163e-11,-9.589073e-11
9.23,-2.155519e-11,-1.014061e-10
9.24,-2.400428e-11,-1.011563e-10
9.25,-2.559614e-11,-9.555329e-11
9.26,-2.61225e-11,-8.530494e-11
9.27,-2.542825e-11,-7.135105e-11
9.28,-2.341895e-11,-5.478775e-11
9.29,-2.006704e-11,-3.678606e-11
9.3,-1.541623e-11,-1.851072e-11
9.31,-9.583615e-12,-1.045257e-12
9.32,-2.75884e-12,1.467198e-11
9.33,4.800118e-12,2.789683e-11
9.34,1.277489e-11,3.8111e-11
9.35,2.079855e-11,4.503547e-11
9.36,2.847117e-11,4.862608e-11
9.37,3.537869e-11,4.905322e-11
9.38,4.111438e-11,4.66684e-11
9.39,4.530172e-11,4.196139e-11
9.4,4.761775e-11,3.551211e-11
9.41,4.78152e-11,2.794115e-11
9.42,4.574205e-11,1.986286e-11
9.43,4.135705e-11,1.184433e-11
9.44,3.473995e-11,4.372442e-12
9.45,2.609519e-11,-2.169172e-12
9.46,1.574851e-11,-7.512877e-12
9.47,4.136054e-12,-1.150966e-11
9.48,-8.213822e-12,-1.412275e-11
9.49,-2.070547e-11,-1.541382e-11
9.5,-3.270637e-11,-1.552393e-11
9.51,-4.358144e-11,-1.465128e-11
9.52,-5.272944e-11,-1.302802e-11
9.53,-5.961907e-11,-1.089807e-11
9.54,-6.382257e-11,-8.49755e-12
9.55,-6.504455e-11,-6.038899e-12
9.56,-6.314385e-11,-3.699507e-12
9.57,-5.814696e-11,-1.614896e-12
9.58,-5.025151e-11,1.236407e-13
9.59,-3.981944e-11,1.467558e-12
9.6,-2.73599e-11,2.406506e-12
9.61,-1.350249e-11,2.96162e-12
9.62,1.037443e-12,3.177609e-12
9.63,1.549959e-11,3.114519e-12
9.64,2.912301e-11,2.839922e-12
9.65,4.119102e-11,2.422107e-12
9.66,5.1074e-11,1.924648e-12
9.67,5.826696e-11,1.40254e-12
9.68,6.24196e-11,8.998911e-13
9.69,6.335662e-11,4.490459e-13
9.7,6.108708e-11,7.089859e-14
9.71,5.580201e-11,-2.239104e-13
9.72,4.786054e-11,-4.33225e-13
9.73,3.776551e-11,-5.613354e-13
9.74,2.613026e-11,-6.169288e-13
9.75,1.36389e-11,-6.112276e-13
9.76,1.002892e-12,-5.564501e-13
9.77,-1.108318e-11,-4.646574e-13
9.78,-2.19835e-11,-3.469999e-13
9.79,-3.115799e-11,-2.133241e-13
9.8,-3.819172e-11,-7.207256e-14
9.81,-4.28153e-11,6.960752e-14
9.82,-4.491481e-11,2.056374e-13
9.83,-4.453126e-11,3.307429e-13
9.84,-4.184992e-11,4.402219e-13
9.85,-3.718059e-11,5.29789e-13
9.86,-3.093082e-11,5.955262e-13
9.87,-2.357406e-11,6.339439e-13
9.88,-1.561537e-11,6.421405e-13
9.89,-7.557193e-12,6.180353e-13
9.9,1.324797e-13,5.606395e-13
9.91,7.047362e-12,4.703248e-13
9.92,1.286399e-11,3.490514e-13
9.93,1.735564e-11,2.005172e-13
9.94,2.039849e-11,3.02011e-14
9.95,2.197033e-11,-1.547214e-13
9.96,2.214239e-11,-3.455988e-13
9.97,2.106545e-11,-5.326582e-13
9.98,1.895182e-11,-7.054817e-13
9.99,1.605481e-11,-8.535792e-13
10.0,1.264735e-11,-9.670255e-13
10.01,9.001606e-12,-1.037121e-12
10.02,5.370759e-12,-1.05703e-12
10.03,1.97424e-12,-1.022351e-12
10.04,-1.012958e-12,-9.315778e-13
10.05,-3.466503e-12,-7.863952e-13
10.06,-5.31455e-12,-5.918009e-13
10.07,-6.535552e-12,-3.560103e-13
10.08,-7.152712e-12,-9.014819e-14
10.09,-7.225926e-12,1.922719e-13
10.1,-6.842158e-12,4.760558e-13
10.11,-6.105194e-12,7.451892e-13
10.12,-5.125648e-12,9.838003e-13
10.13,-4.011974e-12,1.177164e-12
10.14,-2.863014e-12,1.312684e-12
10.15,-1.762467e-12,1.380771e-12
10.16,-7.753921e-13,1.375579e-12
10.17,5.327673e-14,1.295503e-12
10.18,6.984196e-13,1.143431e-12
10.19,1.152943e-12,9.266955e-13
10.2,1.424914e-12,6.567302e-13
10.21,1.534029e-12,3.484414e-13
10.22,1.507835e-12,1.932719e-14
10.23,1.378057e-12,-3.115978e-13
10.24,1.177311e-12,-6.25005e-13
10.25,9.364121e-13,-9.024975e-13
10.26,6.823842e-13,-1.127812e-12
10.27,4.371986e-13,-1.287894e-12
10.28,2.172005e-13,-1.37376e-12
10.29,3.312584e-14,-1.381093e-12
10.3,-1.094204e-13,-1.310515e-12
10.31,-2.09172e-13,-1.167528e-12
10.32,-2.682367e-13,-9.621082e-13
10.33,-2.910899e-13,-7.080019e-13
10.34,-2.836285e-13,-4.217615e-13
10.35,-2.523597e-13,-1.215968e-13
10.36,-2.037681e-13,1.738722e-13
10.37,-1.43874e-13,4.468712e-13
10.38,-7.797508e-14,6.816422e-13
10.39,-1.054341e-14,8.654457e-13
10.4,5.475965e-14,9.893233e-13
10.41,1.149923e-13,1.048571e-12
10.42,1.678055e-13,1.042893e-12
10.43,2.113145e-13,9.762385e-13
10.44,2.439957e-13,8.563392e-13
10.45,2.646235e-13,6.939947e-13
10.46,2.722546e-13,5.021698e-13
10.47,2.662556e-13,2.949783e-13
10.48,2.463664e-13,8.663556e-14
10.49,2.127813e-13,-1.095393e-13
10.5,1.662354e-13,-2.819981e-13
10.51,1.080748e-13,-4.216556e-13
10.52,4.029768e-14,-5.223546e-13
10.53,-3.44472e-14,-5.810846e-13
10.54,-1.129121e-13,-5.979503e-13
10.55,-1.913557e-13,-5.759112e-13
10.56,-2.657006e-13,-5.203269e-13
10.57,-3.317353e-13,-4.383591e-13
10.58,-3.853506e-13,-3.382877e-13
10.59,-4.227949e-13,-2.288018e-13
10.6,-4.409331e-13,-1.18324e-13
10.61,-4.374875e-13,-1.441858e-14
10.62,-4.112455e-13,7.667691e-14
10.63,-3.622151e-13,1.503697e-13
10.64,-2.917125e-13,2.038697e-13
10.65,-2.02374e-13,2.361889e-13
10.66,-9.808168e-14,2.480007e-13
10.67,1.619471e-14,2.413836e-13
10.68,1.346363e-13,2.194843e-13
10.69,2.50883e-13,1.861367e-13
10.7,3.583942e-13,1.454744e-13
10.71,4.508409e-13,1.015678e-13
10.72,5.225059e-13,5.811612e-14
10.73,5.686634e-13,1.821045e-14
10.74,5.859136e-13,-1.581942e-14
10.75,5.724457e-13,-4.247364e-14
10.76,5.282092e-13,-6.107182e-14
10.77,4.549773e-13,-7.167579e-14
10.78,3.56293e-13,-7.496191e-14
10.79,2.372988e-13,-7.206176e-14
10.8,1.044551e-13,-6.439006e-14
10.81,-3.483538e-14,-5.347704e-14
10.82,-1.726753e-13,-4.081963e-14
10.83,-3.011625e-13,-2.776163e-14
10.84,-4.128909e-13,-1.540895e-14
10.85,-5.014264e-13,-4.581572e-15
10.86,-5.617249e-13,4.199829e-15
10.87,-5.904621e-13,1.069761e-14
10.88,-5.862517e-13,1.491822e-14
10.89,-5.497339e-13,1.705853e-14
10.9,-4.835281e-13,1.744556e-14
10.91,-3.920517e-13,1.647655e-14
10.92,-2.812183e-13,1.456539e-14
10.93,-1.58035e-13,1.20993e-14
10.94,-3.012993e-14,9.408186e-15
10.95,9.475798e-14,6.746932e-15
10.96,2.092888e-13,4.289937e-15
10.97,3.06995e-13,2.135665e-15
10.98,3.826853e-13,3.186262e-16
10.99,4.327499e-13,-1.174205e-15
11.0,4.553485e-13,-2.385348e-15
11.01,4.504688e-13,-3.369583e-15
11.02,4.198562e-13,-4.17941e-15
11.03,3.668219e-13,-4.854362e-15
11.04,2.959484e-13,-5.414744e-15
11.05,2.127181e-13,-5.859723e-15
11.06,1.23094e-13,-6.169276e-15
11.07,3.308695e-14,-6.309124e-15
11.08,-5.16587e-14,-6.23766e-15
11.09,-1.262307e-13,-5.913794e-15
11.1,-1.867406e-13,-5.30472e-15
11.11,-2.305243e-13,-4.392754e-15
11.12,-2.562404e-13,-3.180584e-15
11.13,-2.63866e-13,-1.69449e-15
11.14,-2.545963e-13,1.469534e-17
11.15,-2.306621e-13,1.872919e-15
11.16,-1.950845e-13,3.786388e-15
11.17,-1.513914e-13,5.646914e-15
11.18,-1.033184e-13,7.338725e-15
11.19,-5.452172e-14,8.746262e-15
11.2,-8.321037e-15,9.762423e-15
11.21,3.250705e-14,1.029669e-14
11.22,6.587527e-14,1.028258e-14
11.23,9.046457e-14,9.683843e-15
11.24,1.05736e-13,8.49897e-15
11.25,1.118815e-13,6.763588e-15
11.26,1.097229e-13,4.550445e-15
11.27,1.005743e-13,1.966871e-15
11.28,8.60807e-14,-8.502829e-16
11.29,6.805116e-14,-3.742009e-15
11.3,4.829867e-14,-6.536459e-15
11.31,2.850048e-14,-9.059653e-15
11.32,1.008742e-14,-1.114692e-14
11.33,-5.832147e-15,-1.265429e-14
11.34,-1.851167e-14,-1.346904e-14
11.35,-2.757075e-14,-1.351856e-14
11.36,-3.296877e-14,-1.277682e-14
11.37,-3.495438e-14,-1.126793e-14
11.38,-3.399854e-14,-9.066258e-15
11.39,-3.071951e-14,-6.293052e-15
11.4,-2.580731e-14,-3.109661e-15
11.41,-1.995454e-14,2.923278e-16
11.42,-1.379857e-14,3.703379e-15
11.43,-7.878458e-15,6.90992e-15
11.44,-2.607999e-15,9.70888e-15
11.45,1.735322e-15,1.192181e-14
11.46,5.007275e-15,1.340753e-14
11.47,7.182465e-15,1.407223e-14
11.48,8.331958e-15,1.387646e-14
11.49,8.596519e-15,1.28381e-14
11.5,8.158846e-15,1.10313e-14
11.51,7.217656e-15,8.581299e-15
11.52,5.965793e-15,5.65551e-15
11.53,4.573713e-15,2.451507e-15
11.54,3.178914e-15,-8.171723e-16
11.55,1.881139e-15,-3.936309e-15
11.56,7.42647e-16,-6.706226e-15
11.57,-2.075718e-16,-8.95577e-15
11.58,-9.669448e-16,-1.055398e-14
11.59,-1.551162e-15,-1.141855e-14
11.6,-1.985932e-15,-1.152054e-14
11.61,-2.29962e-15,-1.088494e-14
11.62,-2.517475e-15,-9.587155e-15
11.63,-2.657794e-15,-7.745789e-15
11.64,-2.73014e-15,-5.512399e-15
11.65,-2.735431e-15,-3.059055e-15
11.66,-2.667557e-15,-5.647916e-16
11.67,-2.516079e-15,1.797927e-15
11.68,-2.269498e-15,3.875676e-15
11.69,-1.918607e-15,5.544504e-15
11.7,-1.459504e-15,6.71757e-15
11.71,-8.959364e-16,7.349514e-15
11.72,-2.407418e-16,7.437339e-15
11.73,4.837232e-16,7.017925e-15
11.74,1.246176e-15,6.162545e-15
11.75,2.007947e-15,4.969009e-15
11.76,2.725314e-15,3.552215e-15
11.77,3.352426e-15,2.033988e-15
11.78,3.84459e-15,5.330965e-16
11.79,4.161659e-15,-8.437336e-16
11.8,4.271274e-15,-2.009131e-15
11.81,4.151728e-15,-2.900224e-15
11.82,3.794226e-15,-3.481344e-15
11.83,3.204364e-15,-3.74427e-15
11.84,2.40271e-15,-3.706178e-15
11.85,1.424379e-15,-3.405687e-15
11.86,3.176096e-16,-2.897485e-15
11.87,-8.586286e-16,-2.246167e-15
11.88,-2.037884e-15,-1.519856e-15
11.89,-3.150147e-15,-7.842147e-16
11.9,-4.126226e-15,-9.731788000000001e-17
11.91,-4.90229e-15,4.942472e-16
11.92,-5.424284e-15,9.578376e-16
11.93,-5.651898e-15,1.275712e-15
11.94,-5.561788e-15,1.444569e-15
11.95,-5.149786e-15,1.473886e-15
11.96,-4.431905e-15,1.383331e-15
11.97,-3.443994e-15,1.199624e-15
11.98,-2.240023e-15,9.5319e-16
11.99,-8.890577e-16,6.749418e-16
12.0,5.289095e-16,3.934793e-16
12.01,1.928015e-15,1.329084e-16
12.02,3.222132e-15,-8.860216e-17
12.03,4.330639e-15,-2.59492e-16
12.04,5.183936e-15,-3.747589e-16
12.05,5.72831e-15,-4.352972e-16
12.06,5.929753e-15,-4.467847e-16
12.07,5.776467e-15,-4.182942e-16
12.08,5.279813e-15,-3.608126e-16
12.09,4.473633e-15,-2.858279e-16
12.1,3.411965e-15,-2.041159e-16
12.11,2.165304e-15,-1.248148e-16
12.12,8.156789e-16,-5.4833890000000004e-17
12.13,-5.491018e-16,1.400853e-18
12.14,-1.841592e-15,4.189647e-17
12.15,-2.980794e-15,6.679762e-17
12.16,-3.897715e-15,7.792079000000001e-17
12.17,-4.53999e-15,7.819856000000001e-17
12.18,-4.875223e-15,7.110978e-17
12.19,-4.892804e-15,6.015981000000001e-17
12.2,-4.604091e-15,4.8457970000000004e-17
12.21,-4.040965e-15,3.8420300000000005e-17
12.22,-3.252902e-15,3.160731e-17
12.23,-2.302821e-15,2.8689690000000004e-17
12.24,-1.262053e-15,2.952254e-17
12.25,-2.048587e-16,3.3300620000000005e-17
12.26,7.970817e-16,3.876358e-17
12.27,1.679761e-15,4.4420460000000006e-17
12.28,2.391144e-15,4.8766970000000005e-17
12.29,2.894361e-15,5.0474280000000003e-17
12.3,3.16959e-15,4.853538e-17
12.31,3.214539e-15,4.2361680000000005e-17
12.32,3.043549e-15,3.182858e-17
12.33,2.685465e-15,1.727373e-17
12.34,2.180507e-15,-5.453333e-19
12.35,1.576449e-15,-2.0525200000000002e-17
12.36,9.244593e-16,-4.1312950000000005e-17
12.37,2.749506e-16,-6.14158e-17
12.38,-3.262061e-16,-7.931571000000001e-17
12.39,-8.408318e-16,-9.358187e-17
12.4,-1.240732e-15,-1.02975e-16
12.41,-1.509004e-15,-1.065383e-16
12.42,-1.640327e-15,-1.036709e-16
12.43,-1.640293e-15,-9.418029e-17
12.44,-1.523901e-15,-7.831015000000001e-17
12.45,-1.313433e-15,-5.674215e-17
12.46,-1.035922e-15,-3.057001e-17
12.47,-7.20483e-16,-1.246002e-18
12.48,-3.957425e-16,2.9498570000000003e-17
12.49,-8.757183e-17,5.975556000000001e-17
12.5,1.826992e-16,8.755964e-17
12.51,3.994896e-16,1.110186e-16
12.52,5.535473e-16,1.284456e-16
12.53,6.419207e-16,1.384848e-16
12.54,6.673916e-16,1.402202e-16
12.55,6.374811e-16,1.332582e-16
12.56,5.631692e-16,1.17778e-16
12.57,4.574766e-16,9.454180000000001e-17
12.58,3.340551e-16,6.486363000000001e-17
12.59,2.059143e-16,3.053637e-17
12.6,8.438338000000001e-17,-6.2795220000000004e-18
12.61,-2.162712e-17,-4.31984e-17
12.62,-1.060357e-16,-7.777365e-17
12.63,-1.656797e-16,-1.076716e-16
12.64,-2.001215e-16,-1.308422e-16
12.65,-2.112316e-16,-1.456728e-16
12.66,-2.026207e-16,-1.511134e-16
12.67,-1.789997e-16,-1.467612e-16
12.68,-1.455403e-16,-1.328988e-16
12.69,-1.072994e-16,-1.104805e-16
12.7,-6.875450000000001e-17,-8.106746e-17
12.71,-3.3477570000000004e-17,-4.671615000000001e-17
12.72,-3.958065e-18,-9.827697e-18
12.73,1.8432320000000003e-17,2.7029940000000003e-17
12.74,3.335367e-17,6.131322e-17
12.75,4.132073e-17,9.069249000000001e-17
12.76,4.3468920000000004e-17,1.132246e-16
12.77,4.1298640000000005e-17,1.274946e-16
12.78,3.642869e-17,1.327154e-16
12.79,3.038406e-17,1.287774e-16
12.8,2.4434750000000002e-17,1.162445e-16
12.81,1.9494130000000002e-17,9.629656000000001e-17
12.82,1.607747e-17,7.062508000000001e-17
12.83,1.431435e-17,4.1289920000000003e-17
12.84,1.400419e-17,1.055005e-17
12.85,1.470125e-17,-1.931725e-17
12.86,1.581469e-17,-4.619358e-17
12.87,1.6710200000000002e-17,-6.827851000000001e-17
12.88,1.6802130000000002e-17,-8.42176e-17
12.89,1.562764e-17,-9.318971000000001e-17
12.9,1.2898200000000001e-17,-9.494761e-17
12.91,8.526365e-18,-8.980991e-17
12.92,2.629052e-18,-7.86071e-17
12.93,-4.489944e-18,-6.258784e-17
12.94,-1.2373720000000002e-17,-4.329531e-17
12.95,-2.045743e-17,-2.2425630000000003e-17
12.96,-2.811982e-17,-1.681197e-18
12.97,-3.47365e-17,1.736804e-17
12.98,-3.9730930000000006e-17,3.340375e-17
12.99,-4.2620030000000004e-17,4.5449680000000006e-17
13.0,-4.30518e-17,5.29271e-17
13.01,-4.0833350000000003e-17,5.567252e-17
13.02,-3.5948180000000005e-17,5.39186e-17
13.03,-2.8562010000000004e-17,4.8242380000000005e-17
13.04,-1.9017160000000002e-17,3.9487630000000003e-17
13.05,-7.815624000000001e-18,2.86703e-17
13.06,4.408347e-18,1.687664e-17
13.07,1.692492e-17,5.163905e-18
13.08,2.8952850000000005e-17,-5.527666e-18
13.09,3.97088e-17,-1.444447e-17
13.1,4.8459130000000005e-17,-2.106595e-17
13.11,5.4570710000000006e-17,-2.5125700000000002e-17
13.12,5.755759000000001e-17,-2.660739e-17
13.13,5.711992000000001e-17,-2.5718610000000002e-17
13.14,5.3172010000000005e-17,-2.2846890000000003e-17
13.15,4.585688e-17,-1.8504050000000003e-17
13.16,3.5545480000000006e-17,-1.3265180000000001e-17
13.17,2.281984e-17,-7.708763e-18
13.18,8.440388e-18,-2.363433e-18
13.19,-6.700679e-18,2.334228e-18
13.2,-2.1637400000000002e-17,6.067983e-18
13.21,-3.53954e-17,8.655226e-18
13.22,-4.7060040000000006e-17,1.004576e-17
13.23,-5.584232e-17,1.030791e-17
13.24,-6.113734e-17,9.605045e-18
13.25,-6.257081e-17,8.165874e-18
13.26,-6.002951e-17,6.25255e-18
13.27,-5.367310000000001e-17,4.129916e-18
13.28,-4.3925800000000004e-17,2.038951e-18
13.29,-3.144834e-17,1.765293e-19
13.3,-1.709176e-17,-1.317292e-18
13.31,-1.836578e-18,-2.364237e-18
13.32,1.3278220000000002e-17,-2.945627e-18
13.33,2.7231000000000002e-17,-3.094335e-18
13.34,3.9092050000000005e-17,-2.882623e-18
13.35,4.8091260000000003e-17,-2.407774e-18
13.36,5.3673360000000004e-17,-1.777404e-18
13.37,5.553648e-17,-1.096091e-18
13.38,5.365099000000001e-17,-4.545353999999999e-19
13.39,4.8257240000000004e-17,7.794968e-20
13.4,3.984237e-17,4.573717e-19
13.41,2.909856e-17,6.655602e-19
13.42,1.6865920000000002e-17,7.077618999999999e-19
13.43,4.065149e-18,6.080847e-19
13.44,-8.374621e-18,4.0365679999999996e-19
13.45,-1.958677e-17,1.38364e-19
13.46,-2.883118e-17,-1.4308e-19
13.47,-3.554629e-17,-4.0014479999999997e-19
13.48,-3.9385140000000004e-17,-6.002047e-19
13.49,-4.0233060000000006e-17,-7.208094999999999e-19
13.5,-3.820607e-17,-7.505372e-19
13.51,-3.363073e-17,-6.886108999999999e-19
13.52,-2.7007950000000003e-17,-5.435579999999999e-19
13.53,-1.8964290000000002e-17,-3.3123679999999995e-19
13.54,-1.0195440000000001e-17,-7.254676e-20
13.55,-1.40699e-18,2.089003e-19
13.56,6.742467e-18,4.889363e-19
13.57,1.3691010000000002e-17,7.446846e-19
13.58,1.9012140000000003e-17,9.560302999999998e-19
13.59,2.243986e-17,1.1067050000000001e-18
13.6,2.3878660000000003e-17,1.185016e-18
13.61,2.3398470000000003e-17,1.184263e-18
13.62,2.1216120000000002e-17,1.1029020000000001e-18
13.63,1.7665550000000002e-17,9.444896999999998e-19
13.64,1.3160400000000001e-17,7.174286999999999e-19
13.65,8.152617e-18,4.345321999999999e-19
13.66,3.0912480000000002e-18,1.1239249999999998e-19
13.67,-1.615174e-18,-2.2944759999999996e-19
13.68,-5.62938e-18,-5.695213999999999e-19
13.69,-8.70716e-18,-8.856439999999998e-19
13.7,-1.070894e-17,-1.156259e-18
13.71,-1.160104e-17,-1.361857e-18
13.72,-1.144732e-17,-1.48638e-18
13.73,-1.039304e-17,-1.5185050000000001e-18
13.74,-8.642968e-18,-1.45269e-18
13.75,-6.436494e-18,-1.289883e-18
13.76,-4.022256e-18,-1.037798e-18
13.77,-1.634784e-18,-7.106995e-19
13.78,5.249009e-19,-3.286756e-19
13.79,2.303288e-18,8.357425e-20
13.8,3.602271e-18,4.98375e-19
13.81,4.380853e-18,8.870201999999999e-19
13.82,4.651238e-18,1.221883e-18
13.83,4.470345e-18,1.478527e-18
13.84,3.928148e-18,1.637646e-18
13.85,3.134371e-18,1.6866620000000001e-18
13.86,2.205081e-18,1.620843e-18
13.87,1.250522e-18,1.44383e-18
13.88,3.6524769999999997e-19,1.167514e-18
13.89,-3.7875679999999995e-19,8.112546999999999e-19
13.9,-9.35674e-19,4.0049459999999998e-19
13.91,-1.286266e-18,-3.513989e-20
13.92,-1.4355100000000001e-18,-4.640914e-19
13.93,-1.408098e-18,-8.553065999999999e-19
13.94,-1.2426e-18,-1.180651e-18
13.95,-9.850777e-19,-1.417105e-18
13.96,-6.829428999999999e-19,-1.548553e-18
13.97,-3.796447e-19,-1.567022e-18
13.98,-1.1064819999999999e-19,-1.473254e-18
13.99,9.907242999999999e-20,-1.276566e-18
14.0,2.359935e-19,-9.940232999999999e-19
14.01,2.9759639999999996e-19,-6.489658e-19
14.02,2.9079229999999997e-19,-2.690507e-19
14.03,2.295721e-19,1.160446e-19
14.04,1.322664e-19,4.770497999999999e-19
14.05,1.877738e-20,7.874530999999999e-19
14.06,-9.191033e-20,1.025577e-18
14.07,-1.83717e-19,1.176201e-18
14.08,-2.4482519999999997e-19,1.231608e-18
14.09,-2.6836879999999996e-19,1.191964e-18
14.1,-2.5249899999999996e-19,1.065021e-18
14.11,-1.9992719999999999e-19,8.651896999999999e-19
14.12,-1.1708699999999998e-19,6.120698e-19
14.13,-1.3066069999999999e-20,3.2859429999999996e-19
14.14,1.0154389999999999e-19,3.895793e-20
14.15,2.1575789999999998e-19,-2.3347649999999996e-19
14.16,3.1917369999999995e-19,-4.681070999999999e-19
14.17,4.0275839999999995e-19,-6.486918999999999e-19
14.18,4.594179999999999e-19,-7.644877999999999e-19
14.19,4.843522999999999e-19,-8.108488e-19
14.2,4.752153e-19,-7.892528999999999e-19
14.21,4.3211e-19,-7.067860999999999e-19
14.22,3.574514e-19,-5.751568e-19
14.23,2.5572539999999996e-19,-4.093581e-19
14.24,1.331686e-19,-2.261208e-19
14.25,-2.615801e-21,-4.2312199999999996e-20
14.26,-1.430938e-19,1.265665e-19
14.27,-2.7927839999999995e-19,2.6765099999999997e-19
14.28,-4.022393e-19,3.7164899999999997e-19
14.29,-5.036301e-19,4.3337479999999996e-19
14.3,-5.762114999999999e-19,4.518617e-19
14.31,-6.143437999999999e-19,4.3007329999999996e-19
14.32,-6.144160999999999e-19,3.7427189999999997e-19
14.33,-5.751767999999999e-19,2.931308e-19
14.34,-4.979311e-19,1.9669979999999997e-19
14.35,-3.865785e-19,9.533346999999999e-20
14.36,-2.4746919999999996e-19,-1.3077329999999999e-21
14.37,-8.907623e-20,-8.509324999999999e-20
14.38,7.850765999999999e-20,-1.5002739999999998e-19
14.39,2.442217e-19,-1.9258519999999998e-19
14.4,3.9679519999999997e-19,-2.1177209999999998e-19
14.41,5.255589e-19,-2.0892869999999999e-19
14.42,6.212456e-19,-1.8732529999999997e-19
14.43,6.767173999999999e-19,-1.5161109999999998e-19
14.44,6.875545e-19,-1.0718739999999999e-19
14.45,6.524546999999999e-19,-5.957879999999999e-20
14.46,5.734028999999999e-19,-1.386652e-20
14.47,4.555896e-19,2.5763949999999998e-20
14.48,3.070773e-19,5.632748999999999e-20
14.49,1.382356e-19,7.618162e-20
14.5,-3.901431e-20,8.501110999999999e-20
14.51,-2.1208939999999998e-19,8.367599e-20
14.52,-3.68697e-19,7.395623e-20
14.53,-4.977749999999999e-19,5.823372e-20
14.54,-5.903407999999999e-19,3.915402e-20
14.55,-6.401807999999999e-19,1.930705e-20
14.56,-6.443215999999999e-19,9.590408000000001e-22
14.57,-6.032434999999999e-19,-1.4142009999999998e-20
14.58,-5.208169999999999e-19,-2.487623e-20
14.59,-4.0396919999999995e-19,-3.077699e-20
14.6,-2.6210519999999996e-19,-3.1980799999999996e-20
14.61,-1.0633619999999999e-19,-2.911846e-20
14.62,5.1422979999999996e-20,-2.31686e-20
14.63,1.9940879999999998e-19,-1.529561e-20
14.64,3.2693679999999996e-19,-6.692807e-21
14.65,4.252248e-19,1.552505e-21
14.66,4.880425999999999e-19,8.560132e-21
14.67,5.121377e-19,1.371853e-20
14.68,4.974032e-19,1.670641e-20
14.69,4.467814e-19,1.7478839999999998e-20
14.7,3.6591479999999995e-19,1.622583e-20
14.71,2.6258379999999996e-19,1.3312989999999999e-20
14.72,1.4598309999999998e-19,9.214576e-21
14.73,2.5906129999999998e-20,4.447851e-21
14.74,-8.808939999999999e-20,-4.838981000000001e-22
14.75,-1.8746159999999999e-19,-5.135169e-21
14.76,-2.653428e-19,-9.146802e-21
14.77,-3.1702499999999996e-19,-1.2259669999999999e-20
14.78,-3.4023419999999995e-19,-1.43157e-20
14.79,-3.3518119999999995e-19,-1.524962e-20
14.8,-3.0439369999999995e-19,-1.507508e-20
14.81,-2.5235499999999997e-19,-1.3868739999999998e-20
14.82,-1.849928e-19,-1.1755029999999999e-20
14.83,-1.090718e-19,-8.893283e-21
14.84,-3.155047e-20,-5.467927e-21
14.85,4.103674e-20,-1.681347e-21
14.86,1.0311759999999999e-19,2.251579e-21
14.87,1.5049529999999999e-19,6.108605e-21
14.88,1.8060829999999998e-19,9.66622e-21
14.89,1.92621e-19,1.2707679999999999e-20
14.9,1.8735089999999997e-19,1.503332e-20
14.91,1.670497e-19,1.64729e-20
14.92,1.3507079999999998e-19,1.6899e-20
14.93,9.546293e-20,1.624002e-20
14.94,5.2534539999999995e-20,1.4491079999999998e-20
14.95,1.043362e-20,1.1721119999999999e-20
14.96,-2.721866e-20,8.074665e-21
14.97,-5.760954e-20,3.767312e-21
14.98,-7.891173e-20,-9.25389e-22
14.99,-9.034845999999999e-20,-5.6852799999999996e-21
15.0,-9.215066e-20,-1.017401e-20
